1773384849550 0.33327338099479675 0
1773384849802 0.33662477135658264 0
1773384850058 0.3022533357143402 0
1773384850342 0.40277260541915894 0
1773384851270 0.29454460740089417 0
1773384851658 0.2901632487773895 0
1773384851974 0.2955484092235565 0
1773384852156 0.3072550594806671 0
1773384853037 0.275988906621933 0
1773384853484 0.28729236125946045 0
1773384853709 0.28543922305107117 0
1773384853860 0.28981614112854004 0
1773384854117 0.26842164993286133 0
1773384854362 0.29074016213417053 0
1773384854513 0.2868947684764862 0
1773384854715 0.2776782512664795 0
1773384854921 0.2692536413669586 0
1773384855191 0.25830066204071045 0
1773384855438 0.25723347067832947 0
1773384856135 0.30508852005004883 0
1773384856483 0.2520718276500702 0
1773384856700 0.24975520372390747 0
1773384856926 0.26518622040748596 0
1773384857126 0.26640230417251587 0
1773384857297 0.2629750669002533 0
1773384857455 0.26343798637390137 0
1773384857614 0.26818057894706726 0
1773384857768 0.25103557109832764 0
1773384857992 0.24129357933998108 0
1773384858225 0.23699134588241577 0
1773384858425 0.2787216007709503 0
1773384858590 0.2575041651725769 0
1773384858824 0.23468218743801117 0
1773384859527 0.263047456741333 0
1773384859809 0.23548062145709991 0
1773384859986 0.23249734938144684 0
1773384860293 0.23016567528247833 0
1773384860626 0.23302751779556274 0
1773384860828 0.23023919761180878 0
1773384861099 0.22728635370731354 0
1773384861446 0.22815972566604614 0
1773384861635 0.2392798513174057 0
1773384861808 0.23959487676620483 0
1773384861966 0.24031560122966766 0
1773384862108 0.24677355587482452 0
1773384862262 0.22529377043247223 0
1773384862457 0.22147797048091888 0
1773384862651 0.22121651470661163 0
1773384862858 0.2171393483877182 0
1773384863038 0.23205116391181946 0
1773384863192 0.21503479778766632 0
1773384863368 0.22256222367286682 0
1773384863490 0.22137558460235596 0
1773384864312 0.27294987440109253 0
1773384864654 0.21446451544761658 0
1773384864950 0.23844514787197113 0
1773384865149 0.23881985247135162 0
1773384865313 0.22681303322315216 0
1773384865540 0.20901057124137878 0
1773384865779 0.20868661999702454 0
1773384865956 0.2130388468503952 0
1773384866108 0.20823322236537933 0
1773384866318 0.2192140817642212 0
1773384867226 0.22957800328731537 0
1773384868282 0.2265322208404541 0
1773384868624 0.2060163915157318 0
1773384869359 0.2383449226617813 0
1773384869722 0.21306638419628143 0
1773384870565 0.21972264349460602 0
1773384870907 0.21234843134880066 0
1773384871078 0.21840816736221313 0
1773384871197 0.2086087465286255 0
1773384872019 0.22718161344528198 0
1773384872325 0.2386666089296341 0
1773384872518 0.19564810395240784 0
1773384872789 0.20411086082458496 0
1773384873667 0.2087363749742508 0
1773384874076 0.2141030877828598 0
1773384874314 0.20592759549617767 0
1773384874537 0.2118224799633026 0
1773384875463 0.2082720398902893 0
1773384875778 0.21612466871738434 0
1773384875965 0.18908260762691498 0
1773384876222 0.1893155872821808 0
1773384876484 0.1887882798910141 0
1773384877340 0.2070964276790619 0
1773384877731 0.18560126423835754 0
1773384878017 0.18635255098342896 0
1773384878287 0.1889551430940628 0
1773384878472 0.18541523814201355 0
1773384878721 0.1816464364528656 0
1773384878979 0.18328551948070526 0
1773384879146 0.19843676686286926 0
1773384879349 0.1941557079553604 0
1773384880266 0.1978391408920288 0
1773384881129 0.20720304548740387 0
1773384881528 0.17764773964881897 0
1773384881791 0.20130793750286102 0
1773384882065 0.19665905833244324 0
1773384882380 0.17458193004131317 0
1773384882663 0.1934853047132492 0
1773384882843 0.17285043001174927 0
1773384883099 0.1730397343635559 0
1773384883268 0.18141230940818787 0
1773384883409 0.17879259586334229 0
1773384883575 0.17237763106822968 0
1773384883801 0.17932403087615967 0
1773384884074 0.16781403124332428 0
1773384884365 0.18350763618946075 0
1773384884524 0.1825132817029953 0
1773384885171 0.2004869282245636 0
1773384885502 0.16527242958545685 0
1773384886436 0.1793999820947647 0
1773384886794 0.17648491263389587 0
1773384886955 0.18086664378643036 0
1773384887193 0.16249226033687592 0
1773384887498 0.1626950353384018 0
1773384887701 0.16038966178894043 0
1773384887926 0.16198362410068512 0
1773384888080 0.179559588432312 0
1773384888301 0.16223561763763428 0
1773384888573 0.15654434263706207 0
1773384888804 0.186283141374588 0
1773384888982 0.15923377871513367 0
1773384889938 0.16796265542507172 0
1773384890308 0.16969849169254303 0
1773384890525 0.1573099046945572 0
1773384891409 0.179998517036438 0
1773384891816 0.1638968586921692 0
1773384892753 0.16393817961215973 0
1773384893077 0.1518559455871582 0
1773384893335 0.15345041453838348 0
1773384894183 0.16670800745487213 0
1773384894664 0.15631410479545593 0
1773384894931 0.14724503457546234 0
1773384895139 0.16131311655044556 0
1773384895330 0.1523098349571228 0
1773384895525 0.14586390554904938 0
1773384895704 0.15376579761505127 0
1773384896530 0.16238659620285034 0
1773384896829 0.16353872418403625 0
1773384897031 0.16151964664459229 0
1773384897879 0.1545112133026123 0
1773384898291 0.15039454400539398 0
1773384898482 0.1592475026845932 0
1773384898711 0.14163048565387726 0
1773384898965 0.14025160670280457 0
1773384899215 0.14543823897838593 0
1773384899464 0.13907337188720703 0
1773384899672 0.1748979389667511 0
1773384899817 0.1412281095981598 0
1773384900094 0.13879266381263733 0
1773384900373 0.14228273928165436 0
1773384900542 0.1527724266052246 0
1773384900793 0.13943853974342346 0
1773384900980 0.14574696123600006 0
1773384901890 0.1425650715827942 0
1773384902226 0.13682295382022858 0
1773384902442 0.1453968733549118 0
1773384902668 0.1320883184671402 0
1773384902925 0.1330820620059967 0
1773384903770 0.14550143480300903 0
1773384904105 0.1426234245300293 0
1773384904315 0.1385403424501419 0
1773384904478 0.16442236304283142 0
1773384904600 0.13625460863113403 0
1773384904845 0.1272328794002533 0
1773384905189 0.13284315168857574 0
1773384905410 0.12631671130657196 0
1773384906091 0.15122902393341064 0
1773384906412 0.12779390811920166 0
1773384907331 0.1443454772233963 0
1773384907767 0.1379089206457138 0
1773384908072 0.12458999454975128 0
1773384908331 0.13648425042629242 0
1773384908572 0.12595555186271667 0
1773384908770 0.12551602721214294 0
1773384908925 0.1254817396402359 0
1773384909089 0.12408055365085602 0
1773384909364 0.13201580941677094 0
1773384909564 0.1317741423845291 0
1773384909699 0.13811726868152618 0
1773384909840 0.1251652091741562 0
1773384910028 0.12207560241222382 0
1773384910234 0.1393364816904068 0
1773384910379 0.12468341737985611 0
1773384910553 0.11855100095272064 0
1773384910772 0.11984883248806 0
1773384910935 0.11568918824195862 0
1773384911661 0.13916872441768646 0
1773384912509 0.13536325097084045 0
1773384912832 0.14203649759292603 0
1773384912962 0.11926230788230896 0
1773384913161 0.23231497406959534 0
1773384913369 0.11633211374282837 0
1773384914291 0.12141012400388718 0
1773384914626 0.14094018936157227 0
1773384914873 0.1133539006114006 0
1773384915202 0.12213331460952759 0
1773384915441 0.1332331746816635 0
1773384915715 0.11755337566137314 0
1773384916668 0.12120246142148972 0
1773384917672 0.13498733937740326 0
1773384917977 0.12436731904745102 0
1773384918246 0.10808345675468445 0
1773384918484 0.10955974459648132 0
1773384918677 0.11418705433607101 0
1773384918859 0.1119174212217331 0
1773384919002 0.1405644416809082 0
1773384919893 0.11599419265985489 0
1773384920320 0.11276619881391525 0
1773384920497 0.1294388622045517 0
1773384920708 0.10450854152441025 0
1773384920979 0.1098012775182724 0
1773384921275 0.10624633729457855 0
1773384921495 0.11642611026763916 0
1773384922339 0.11493879556655884 0
1773384922731 0.10915431380271912 0
1773384922988 0.10428863763809204 0
1773384923322 0.10937269777059555 0
1773384923597 0.10304979234933853 0
1773384923930 0.10161947458982468 0
1773384924277 0.10190405696630478 0
1773384924520 0.10289318859577179 0
1773384924672 0.11980045586824417 0
1773384924803 0.1054672971367836 0
1773384925701 0.10853683948516846 0
1773384926032 0.10443367809057236 0
1773384926222 0.10108625888824463 0
1773384926399 0.1325436532497406 0
1773384926542 0.11721468716859818 0
1773384927224 0.115684375166893 0
1773384927562 0.11098739504814148 0
1773384927700 0.1103547066450119 0
1773384927852 0.09604232013225555 0
1773384928121 0.09688016027212143 0
1773384928345 0.10545586794614792 0
1773384928517 0.10372285544872284 0
1773384928727 0.09798597544431686 0
1773384928938 0.0990028902888298 0
1773384929182 0.096369169652462 0
1773384929906 0.1104486808180809 0
1773384930267 0.09758031368255615 0
1773384930456 0.09390155225992203 0
1773384930720 0.10792076587677002 0
1773384931001 0.0911540612578392 0
1773384931937 0.10723180323839188 0
1773384932264 0.11913854628801346 0
1773384932593 0.09153835475444794 0
1773384932859 0.09694774448871613 0
1773384933135 0.09181740134954453 0
1773384933418 0.1621668040752411 0
1773384933596 0.09505162388086319 0
1773384933803 0.09640472382307053 0
1773384934001 0.09866812825202942 0
1773384934796 0.10054022818803787 0
1773384935164 0.09086763858795166 0
1773384935372 0.0905551165342331 0
1773384935662 0.09205199778079987 0
1773384936556 0.10751120746135712 0
1773384936869 0.10346583276987076 0
1773384937062 0.10177309811115265 0
1773384937223 0.09043601900339127 0
1773384937465 0.10343538969755173 0
1773384937659 0.0881340429186821 0
1773384938418 0.09713104367256165 0
1773384938767 0.0851321592926979 0
1773384938977 0.11425777524709702 0
1773384939116 0.10371264070272446 0
1773384939257 0.09372366964817047 0
1773384939392 0.10320146381855011 0
1773384939598 0.08289516717195511 0
1773384939849 0.09616896510124207 0
1773384939999 0.09380054473876953 0
1773384940175 0.08756812661886215 0
1773384940325 0.09949663281440735 0
1773384940500 0.08518081903457642 0
1773384940677 0.09083177149295807 0
1773384941648 0.09047678112983704 0
1773384941988 0.08362273126840591 0
1773384942179 0.07974673062562943 0
1773384942463 0.09148743748664856 0
1773384942694 0.08060204982757568 0
1773384942864 0.08703776448965073 0
1773384943024 0.07896445691585541 0
1773384943197 0.09475058317184448 0
1773384943385 0.08567190915346146 0
1773384943561 0.08280564099550247 0
1773384943741 0.07967471331357956 0
1773384944656 0.08311833441257477 0
1773384945080 0.08027277886867523 0
1773384946033 0.08806311339139938 0
1773384946848 0.09944440424442291 0
1773384947157 0.07620956748723984 0
1773384947334 0.0906214490532875 0
1773384947477 0.08348840475082397 0
1773384947704 0.07442042976617813 0
1773384947929 0.08567612618207932 0
1773384948061 0.09252984076738358 0
1773384948247 0.08172304183244705 0
1773384948432 0.0739065557718277 0
1773384948607 0.08425085246562958 0
1773384948757 0.09445600211620331 0
1773384948897 0.09532138705253601 0
1773384949027 0.08001980930566788 0
1773384949922 0.08109008520841599 0
1773384951005 0.08411251753568649 0
1773384951449 0.0730331540107727 0
1773384951689 0.08089633285999298 0
1773384952530 0.08336670696735382 0
1773384953553 0.08887214958667755 0
1773384953867 0.07927993685007095 0
1773384954174 0.0748189389705658 0
1773384954403 0.07235919684171677 0
1773384954612 0.06999631226062775 0
1773384954831 0.0708322748541832 0
1773384955019 0.07566694170236588 0
1773384955290 0.0689082145690918 0
1773384955535 0.0769001767039299 0
1773384955728 0.07576211541891098 0
1773384956017 0.07034948468208313 0
1773384956240 0.0881403386592865 0
1773384956410 0.06865600496530533 0
1773384956608 0.0754694789648056 0
1773384956758 0.07454031705856323 0
1773384956977 0.0664251297712326 0
1773384957278 0.06533759087324142 0
1773384957539 0.0706435889005661 0
1773384957759 0.17432664334774017 0
1773384957917 0.10079623758792877 0
1773384958137 0.07001747936010361 0
1773384958347 0.06874313205480576 0
1773384958599 0.0696680098772049 0
1773384958815 0.07091529667377472 0
1773384959027 0.08588423579931259 0
1773384959190 0.08091185241937637 0
1773384959810 0.09002742171287537 0
1773384960858 0.06897976249456406 0
1773384961191 0.06927655637264252 0
1773384961375 0.0830581933259964 0
1773384961635 0.06302656978368759 0
1773384961884 0.07230986654758453 0
1773384962158 0.0644010454416275 0
1773384963054 0.08079587668180466 0
1773384963380 0.06674319505691528 0
1773384964218 0.07235153019428253 0
1773384964594 0.06723761558532715 0
1773384964747 0.07826144993305206 0
1773384964937 0.07784970104694366 0
1773384965094 0.08224087953567505 0
1773384965306 0.06240146607160568 0
1773384965621 0.06308284401893616 0
1773384965866 0.06613802909851074 0
1773384966781 0.07033539563417435 0
1773384967180 0.060443513095378876 0
1773384968211 0.06784100830554962 0
1773384968556 0.06572658568620682 0
1773384968779 0.06178424507379532 0
1773384968998 0.06398729234933853 0
1773384969699 0.07429138571023941 0
1773384970124 0.06061655282974243 0
1773384970347 0.06068264693021774 0
1773384970617 0.06171799078583717 0
1773384970913 0.06752921640872955 0
1773384971122 0.059679094702005386 0
1773384971412 0.060061343014240265 0
1773384971615 0.06551872193813324 0
1773384971752 0.07732337713241577 0
1773384971876 0.07648666948080063 0
1773384972770 0.06194087862968445 0
1773384973098 0.06659123301506042 0
1773384973289 0.057381849735975266 0
1773384973584 0.058822210878133774 0
1773384973792 0.06129418686032295 0
1773384973982 0.06377923488616943 0
1773384974134 0.09491511434316635 0
1773384974375 0.05642606317996979 0
1773384974591 0.07004348933696747 0
1773384974712 0.07623978704214096 0
1773384975361 0.05865650251507759 0
1773384976372 0.06913210451602936 0
1773384976753 0.05868462100625038 0
1773384976985 0.06881910562515259 0
1773384977190 0.061555422842502594 0
1773384977341 0.07835076004266739 0
1773384977556 0.05591953545808792 0
1773384977784 0.061146073043346405 0
1773384977949 0.07588931173086166 0
1773384978168 0.05268249660730362 0
1773384978440 0.05884236842393875 0
1773384978650 0.06342075765132904 0
1773384978852 0.057228054851293564 0
1773384979551 0.06319546699523926 0
1773384979879 0.0687832161784172 0
1773384980040 0.07671621441841125 0
1773384980266 0.054026030004024506 0
1773384980535 0.05091609060764313 0
1773384980805 0.060136277228593826 0
1773384980959 0.06642273813486099 0
1773384981125 0.054204098880290985 0
1773384981394 0.054564230144023895 0
1773384981604 0.054742224514484406 0
1773384982243 0.06525982171297073 0
1773384982544 0.0501130186021328 0
1773384982719 0.06863773614168167 0
1773384982871 0.05138711631298065 0
1773384983065 0.0552363321185112 0
1773384983307 0.0512072816491127 0
1773384983551 0.1355637162923813 0
1773384983830 0.05039472505450249 0
1773384984160 0.05130196735262871 0
1773384984477 0.04988652095198631 0
1773384984721 0.05122861638665199 0
1773384984893 0.05066553130745888 0
1773384985102 0.051233552396297455 0
1773384985260 0.06978723406791687 0
1773384985422 0.058512311428785324 0
1773384985589 0.06352214515209198 0
1773384986273 0.05861448124051094 0
1773384986636 0.0527653731405735 0
1773384986842 0.05713833123445511 0
1773384987131 0.04956447705626488 0
1773384988136 0.053789056837558746 0
1773384988515 0.05186702683568001 0
1773384988712 0.05181709676980972 0
1773384988900 0.05887860432267189 0
1773384989058 0.06988707929849625 0
1773384989219 0.05247287452220917 0
1773384989424 0.05952294170856476 0
1773384990297 0.06458807736635208 0
1773384991360 0.05509021878242493 0
1773384991673 0.09349608421325684 0
1773384991891 0.05252968892455101 0
1773384992046 0.09654569625854492 0
1773384992174 0.05639393627643585 0
1773384992345 0.04790334776043892 0
1773384992576 0.0503750815987587 0
1773384992848 0.04908815771341324 0
1773384993073 0.04859595000743866 0
1773384993345 0.04578489810228348 0
1773384994276 0.055238720029592514 0
1773384994687 0.04846153408288956 0
1773384994887 0.06554587185382843 0
1773384995062 0.05017838254570961 0
1773384995308 0.0460999496281147 0
1773384995511 0.06701892614364624 0
1773384995737 0.048361700028181076 0
1773384995932 0.0510084293782711 0
1773384996078 0.05550163984298706 0
1773384996207 0.06411895900964737 0
1773384996347 0.06012173742055893 0
1773384997255 0.05314599350094795 0
1773384998284 0.056840550154447556 0
1773384998640 0.05257243663072586 0
1773384998854 0.055910833179950714 0
1773384999021 0.05873226001858711 0
1773384999198 0.05038696154952049 0
1773384999499 0.04497517645359039 0
1773385000281 0.05687619373202324 0
1773385001301 0.05960861220955849 0
1773385001624 0.050767600536346436 0
1773385001829 0.06762450933456421 0
1773385001980 0.07232512533664703 0
1773385002206 0.048786461353302 0
1773385002415 0.04660298302769661 0
1773385003101 0.043607909232378006 0
1773385003554 0.044347044080495834 0
1773385003761 0.05359787493944168 0
1773385003990 0.04428292065858841 0
1773385004182 0.05149858817458153 0
1773385005092 0.04762338846921921 0
1773385005413 0.05333610251545906 0
1773385005710 0.040358610451221466 0
1773385005991 0.046094030141830444 0
1773385006224 0.04066357761621475 0
1773385006512 0.04199628159403801 0
1773385006770 0.051561854779720306 0
1773385007019 0.04070831090211868 0
1773385007189 0.05862981826066971 0
1773385007395 0.04002447426319122 0
1773385007599 0.056052565574645996 0
1773385008499 0.042435213923454285 0
1773385008830 0.047007229179143906 0
1773385009013 0.053541943430900574 0
1773385009177 0.08179527521133423 0
1773385009976 0.04687120392918587 0
1773385010347 0.045463550835847855 0
1773385010499 0.06327404826879501 0
1773385010626 0.06683599203824997 0
1773385010866 0.041382379829883575 0
1773385011824 0.043842483311891556 0
1773385012239 0.041034236550331116 0
1773385012414 0.05386881157755852 0
1773385012608 0.04171242564916611 0
1773385012797 0.041482847183942795 0
1773385012961 0.044577039778232574 0
1773385013116 0.050610609352588654 0
1773385013342 0.038937345147132874 0
1773385013669 0.03890485689043999 0
1773385013996 0.03980143740773201 0
1773385014251 0.05257165804505348 0
1773385014438 0.039865754544734955 0
1773385015361 0.04228615015745163 0
1773385015801 0.037062566727399826 0
1773385016116 0.03990611806511879 0
1773385016313 0.04541127756237984 0
1773385016476 0.04325395077466965 0
1773385016639 0.052131421864032745 0
1773385016805 0.05972158908843994 0
1773385017046 0.03804253786802292 0
1773385017255 0.04085096716880798 0
1773385017398 0.06857818365097046 0
1773385017551 0.038721419870853424 0
1773385017703 0.04738899692893028 0
1773385017857 0.049425143748521805 0
1773385018114 0.03708220273256302 0
1773385018316 0.042971592396497726 0
1773385018575 0.035393133759498596 0
1773385018875 0.03848034515976906 0
1773385019125 0.03895154595375061 0
1773385019435 0.03702825307846069 0
1773385019695 0.04761272296309471 0
1773385019893 0.038091279566287994 0
1773385020092 0.04218635708093643 0
1773385020281 0.03906957805156708 0
1773385021139 0.04387974366545677 0
1773385021509 0.03817988932132721 0
1773385021812 0.03680769354104996 0
1773385022034 0.04272977635264397 0
1773385022269 0.0342273935675621 0
1773385022480 0.05667784437537193 0
1773385022657 0.04187997430562973 0
1773385022839 0.03894554451107979 0
1773385022979 0.05450901389122009 0
1773385023146 0.03808962181210518 0
1773385023348 0.043815601617097855 0
1773385023520 0.04022960364818573 0
1773385024385 0.04667497053742409 0
1773385024692 0.06490769237279892 0
1773385024957 0.036853909492492676 0
1773385025135 0.04736684262752533 0
1773385025256 0.0472651943564415 0
1773385025410 0.03609746694564819 0
1773385026261 0.05037575960159302 0
1773385026562 0.047651853412389755 0
1773385026757 0.04734504595398903 0
1773385027019 0.035250626504421234 0
1773385027210 0.05029634013772011 0
1773385027879 0.04327670857310295 0
1773385028197 0.05176454037427902 0
1773385028354 0.03615572676062584 0
1773385028529 0.0370430089533329 0
1773385028730 0.04078158363699913 0
1773385029387 0.04931005835533142 0
1773385029688 0.04669756442308426 0
1773385029944 0.035005491226911545 0
1773385030176 0.038612011820077896 0
1773385030419 0.034233953803777695 0
1773385030648 0.03792250528931618 0
1773385030852 0.03955346718430519 0
1773385031083 0.032567787915468216 0
1773385031995 0.04198107495903969 0
1773385032390 0.03266191482543945 0
1773385032689 0.0330454558134079 0
1773385032902 0.03907256945967674 0
1773385033130 0.032173704355955124 0
1773385033336 0.044943518936634064 0
1773385033466 0.043777648359537125 0
1773385034255 0.03590228036046028 0
1773385034562 0.04606155306100845 0
1773385034742 0.06474019587039948 0
1773385035406 0.03185083344578743 0
1773385035813 0.03232315927743912 0
1773385036512 0.037076786160469055 0
1773385037601 0.03777735307812691 0
1773385037941 0.04216577112674713 0
1773385038871 0.035025015473365784 0
1773385039227 0.034462422132492065 0
1773385039502 0.03274485468864441 0
1773385040458 0.03221426531672478 0
1773385040809 0.03977681323885918 0
1773385041022 0.037480518221855164 0
1773385041223 0.03284754976630211 0
1773385041442 0.1274593323469162 0
1773385041626 0.055570587515830994 0
1773385041865 0.036501694470644 0
1773385042820 0.03703638166189194 0
1773385043894 0.03749090060591698 0
1773385044215 0.04999709874391556 0
1773385044497 0.03255684673786163 0
1773385044690 0.057199180126190186 0
1773385044834 0.06397149711847305 0
1773385045022 0.03980858251452446 0
1773385045200 0.030326740816235542 0
1773385045379 0.04562602937221527 0
1773385046277 0.03829227015376091 0
1773385047119 0.0364430695772171 0
1773385047469 0.033027004450559616 0
1773385047658 0.03466742858290672 0
1773385048569 0.037827856838703156 0
1773385048894 0.042506467550992966 0
1773385049049 0.051911599934101105 0
1773385049286 0.03064553253352642 0
1773385049495 0.04060574993491173 0
1773385049632 0.06403343379497528 0
1773385049843 0.03229079023003578 0
1773385050016 0.0483415350317955 0
1773385050204 0.04310307279229164 0
1773385050486 0.028933174908161163 0
1773385050844 0.03077559731900692 0
1773385051130 0.0312004704028368 0
1773385051426 0.029706815257668495 0
1773385051707 0.03260863199830055 0
1773385051909 0.027795501053333282 0
1773385052084 0.04081626981496811 0
1773385052304 0.02926275134086609 0
1773385052509 0.06321797519922256 0
1773385052647 0.04736047983169556 0
1773385052799 0.03291403874754906 0
1773385052941 0.06163160502910614 0
1773385053103 0.03574609383940697 0
1773385053267 0.040413323789834976 0
1773385054171 0.03544817864894867 0
1773385054584 0.02993791177868843 0
1773385054788 0.030843310058116913 0
1773385055698 0.033463578671216965 0
1773385056107 0.030919170007109642 0
1773385056299 0.03652143105864525 0
1773385056464 0.031120525673031807 0
1773385057320 0.04179271683096886 0
1773385057639 0.04278748482465744 0
1773385057932 0.027446435764431953 0
1773385058216 0.03968458250164986 0
1773385058395 0.0453573577105999 0
1773385059306 0.03190036118030548 0
